1.94474e-012 1.39454e-006 1 0.00099745 0 0 0 0 0 0 0 20
2.06789e-012 1.43801e-006 2 0.000998726 -4.33198e-007 0 0 0 0 0 109 0
2.852e-012 1.68879e-006 2 0.000994762 0 1.1221e-007 0 0 0 0 117 0
2.15165e-012 1.46685e-006 3 0.000990938 3.568e-006 -2.02351e-007 0 0 0 0 265 0
2.17012e-012 1.47313e-006 3 0.000996632 0 2.23136e-007 -6.09143e-008 0 0 0 257 0
2.10005e-012 1.44916e-006 4 0.000915665 9.37942e-005 -2.53533e-005 5.1368e-006 0 0 0 558 0
2.19601e-012 1.48189e-006 3 0.000995145 0 2.66045e-007 0 -6.82836e-009 0 0 271 0
2.09238e-012 1.4465e-006 4 0.00094627 0 1.66784e-005 -5.71657e-006 1.50164e-007 0 0 553 0
2.22994e-012 1.4933e-006 5 0.000965628 -5.58753e-005 4.13929e-005 -1.2076e-005 2.37088e-007 0 0 1101 0
2.09144e-012 1.44618e-006 4 0.000979309 0 3.12556e-006 0 -1.67715e-007 2.83409e-009 0 599 0
2.22829e-012 1.49274e-006 5 0.000970959 8.40744e-006 1.65156e-006 0 -1.26101e-007 2.335e-009 0 1165 0
1.89907e-008 0.000137807 5 -0.0705748 0 0.0292338 -0.0122489 0.000668458 -5.84022e-006 0 545 0
1.40154e-010 1.18387e-005 6 0.00117817 -0.104225 0.0607857 -0.0180346 0.000502331 -3.00862e-006 0 1133 0
3.94013e-007 0.000627705 5 -0.0862032 0 0.0198437 0 -0.00161795 5.62877e-005 -7.08464e-007 524 0
1.43224e-009 3.7845e-005 6 -0.0880733 0 0.0418023 -0.0204892 0.00170689 -3.05784e-005 2.6571e-007 1059 0
3.08263e-012 1.75574e-006 7 -0.0197954 -0.0822458 0.0578726 -0.0191247 0.000810477 -9.90421e-006 6.63562e-008 2194 0
