16
50 10 43 4  39 17 33 12 50 50 7   11  50  8   34  46
10 50 50 34 25 11 10 15 42 38 20  5   50  38  49  17
43 50 50 50 50 50 50 25 46 4  6   50  50  15  36  42
4  34 50 50 48 26 28 39 17 5  26  50  10  49  50  50
39 25 50 48 50 50 37 4  50 50 50  28  46  50  19  50
17 11 50 26 50 50 11 36 10 50 50  50  6   50  14  8
33 10 50 28 37 11 50 14 50 50 31  50  7   34  7   27
12 15 25 39 4  36 14 50 17 50 25  15  50  50  23  47
50 42 46 17 50 10 50 17 50 50 46  28  50  11  4   50
50 38 4  5  50 50 50 50 50 50 50  9   15  50  22  10
7  20 6  26 50 50 31 25 46 50 50  12  2   50  21  50
11 5  50 50 28 50 50 15 28 9  12  50  50  40  23  24
50 50 50 10 46 6  7  50 50 15 2   50  50  28  3   19
8  38 15 49 50 50 34 50 11 50 50  40  28  50  48  11
34 49 36 50 19 14 7  23 4  22 21  23  3   48  50  35
46 17 42 50 50 8  27 47 50 10 50  24  19  11  35  50